 ------- BEAMDYN V1.00.* INDIVIDUAL BLADE INPUT FILE --------------------------
BAR00
 ---------------------- BLADE PARAMETERS --------------------------------------
30   station_total    - Number of blade input stations (-)
 1   damp_type        - Damping type: 0: no damping; 1: damped
  ---------------------- DAMPING COEFFICIENT------------------------------------
   mu1        mu2        mu3        mu4        mu5        mu6
   (-)        (-)        (-)        (-)        (-)        (-)
1.0E-02    1.0E-02    1.0E-02    1.0E-02    1.0E-02    1.0E-02
 ---------------------- DISTRIBUTED PROPERTIES---------------------------------
	 0.000000 
	 4.7702475733391209e+09 	 -3.9848997577577509e+04 	 0.0000000000000000e+00 	 0.0000000000000000e+00 	 0.0000000000000000e+00 	 4.4602310977872385e+03
	 -3.9848998348430126e+04 	 4.7702240087358961e+09 	 0.0000000000000000e+00 	 0.0000000000000000e+00 	 0.0000000000000000e+00 	 -9.9616656018160611e+03
	 0.0000000000000000e+00 	 0.0000000000000000e+00 	 3.2562709833179951e+10 	 -3.0536687462284230e+04 	 6.7992354376833056e+04 	 0.0000000000000000e+00
	 0.0000000000000000e+00 	 0.0000000000000000e+00 	 -3.0536686774289468e+04 	 7.9415015999489426e+10 	 6.6373554815633933e+05 	 0.0000000000000000e+00
	 0.0000000000000000e+00 	 0.0000000000000000e+00 	 6.7992353575950881e+04 	 6.6373554787791206e+05 	 7.9415408043621429e+10 	 0.0000000000000000e+00
	 4.4602310980771899e+03 	 -9.9616656022588068e+03 	 0.0000000000000000e+00 	 0.0000000000000000e+00 	 0.0000000000000000e+00 	 4.6505011981537041e+10

	 2.2150706490230205e+03 	 0.0000000000000000e+00 	 0.0000000000000000e+00 	 0.0000000000000000e+00 	 0.0000000000000000e+00 	 2.0769882220077335e-03
	 0.0000000000000000e+00 	 2.2150706490230205e+03 	 0.0000000000000000e+00 	 0.0000000000000000e+00 	 0.0000000000000000e+00 	 -4.6252241388403774e-03
	 0.0000000000000000e+00 	 0.0000000000000000e+00 	 2.2150706490230205e+03 	 -2.0769882220077335e-03 	 4.6252241388403774e-03 	 0.0000000000000000e+00
	 0.0000000000000000e+00 	 0.0000000000000000e+00 	 -2.0769882220077335e-03 	 5.4035115514822182e+03 	 4.5154894785944998e-02 	 0.0000000000000000e+00
	 0.0000000000000000e+00 	 0.0000000000000000e+00 	 4.6252241388403774e-03 	 4.5154894785944998e-02 	 5.4035382234065401e+03 	 0.0000000000000000e+00
	 2.0769882220077335e-03 	 -4.6252241388403774e-03 	 0.0000000000000000e+00 	 0.0000000000000000e+00 	 0.0000000000000000e+00 	 1.0807049774888752e+04

	 0.034483 
	 3.5224728794802899e+09 	 -3.1931554594673622e+07 	 0.0000000000000000e+00 	 0.0000000000000000e+00 	 0.0000000000000000e+00 	 -2.1657220279078457e+08
	 -3.1931554594478574e+07 	 3.8610863644002628e+09 	 0.0000000000000000e+00 	 0.0000000000000000e+00 	 0.0000000000000000e+00 	 1.3666492065661138e+07
	 0.0000000000000000e+00 	 0.0000000000000000e+00 	 2.6355056568905502e+10 	 1.6151285561831076e+09 	 -4.8160043716179840e+07 	 0.0000000000000000e+00
	 0.0000000000000000e+00 	 0.0000000000000000e+00 	 1.6151285561833098e+09 	 6.1113620702050194e+10 	 -1.8883811892506316e+09 	 0.0000000000000000e+00
	 0.0000000000000000e+00 	 0.0000000000000000e+00 	 -4.8160043716567658e+07 	 -1.8883811892502608e+09 	 6.1723115649380623e+10 	 0.0000000000000000e+00
	 -2.1657220279081842e+08 	 1.3666492065678654e+07 	 0.0000000000000000e+00 	 0.0000000000000000e+00 	 0.0000000000000000e+00 	 3.4433522597092773e+10

	 1.7602199555154057e+03 	 0.0000000000000000e+00 	 0.0000000000000000e+00 	 0.0000000000000000e+00 	 0.0000000000000000e+00 	 -1.1073683213785442e+02
	 0.0000000000000000e+00 	 1.7602199555154057e+03 	 0.0000000000000000e+00 	 0.0000000000000000e+00 	 0.0000000000000000e+00 	 4.2230395369902736e+00
	 0.0000000000000000e+00 	 0.0000000000000000e+00 	 1.7602199555154057e+03 	 1.1073683213785442e+02 	 -4.2230395369902736e+00 	 0.0000000000000000e+00
	 0.0000000000000000e+00 	 0.0000000000000000e+00 	 1.1073683213785442e+02 	 4.1467386942078647e+03 	 -8.0649264232101885e+01 	 0.0000000000000000e+00
	 0.0000000000000000e+00 	 0.0000000000000000e+00 	 -4.2230395369902736e+00 	 -8.0649264232101885e+01 	 4.0658785169514731e+03 	 0.0000000000000000e+00
	 -1.1073683213785442e+02 	 4.2230395369902736e+00 	 0.0000000000000000e+00 	 0.0000000000000000e+00 	 0.0000000000000000e+00 	 8.2126172111593114e+03

	 0.068966 
	 2.3181608611442461e+09 	 -4.8119577337056972e+07 	 0.0000000000000000e+00 	 0.0000000000000000e+00 	 0.0000000000000000e+00 	 -2.8440336539856517e+08
	 -4.8119577337087557e+07 	 3.1369099064464011e+09 	 0.0000000000000000e+00 	 0.0000000000000000e+00 	 0.0000000000000000e+00 	 4.6666639760901615e+07
	 0.0000000000000000e+00 	 0.0000000000000000e+00 	 2.1269110447745792e+10 	 3.7392372619731789e+09 	 -1.3226489543270835e+08 	 0.0000000000000000e+00
	 0.0000000000000000e+00 	 0.0000000000000000e+00 	 3.7392372619739251e+09 	 4.7179302332863182e+10 	 -2.8130455848009219e+09 	 0.0000000000000000e+00
	 0.0000000000000000e+00 	 0.0000000000000000e+00 	 -1.3226489543393563e+08 	 -2.8130455848009281e+09 	 4.1541784230181313e+10 	 0.0000000000000000e+00
	 -2.8440336539855790e+08 	 4.6666639760906078e+07 	 0.0000000000000000e+00 	 0.0000000000000000e+00 	 0.0000000000000000e+00 	 2.2443849077909893e+10

	 1.3936656434941560e+03 	 0.0000000000000000e+00 	 0.0000000000000000e+00 	 0.0000000000000000e+00 	 0.0000000000000000e+00 	 -2.3003356093748476e+02
	 0.0000000000000000e+00 	 1.3936656434941560e+03 	 0.0000000000000000e+00 	 0.0000000000000000e+00 	 0.0000000000000000e+00 	 7.8993990088856654e+00
	 0.0000000000000000e+00 	 0.0000000000000000e+00 	 1.3936656434941560e+03 	 2.3003356093748476e+02 	 -7.8993990088856654e+00 	 0.0000000000000000e+00
	 0.0000000000000000e+00 	 0.0000000000000000e+00 	 2.3003356093748476e+02 	 3.1708648105334937e+03 	 -1.2061657075561469e+02 	 0.0000000000000000e+00
	 0.0000000000000000e+00 	 0.0000000000000000e+00 	 -7.8993990088856654e+00 	 -1.2061657075561469e+02 	 2.6582783010865323e+03 	 0.0000000000000000e+00
	 -2.3003356093748476e+02 	 7.8993990088856654e+00 	 0.0000000000000000e+00 	 0.0000000000000000e+00 	 0.0000000000000000e+00 	 5.8291431116200547e+03

	 0.103448 
	 1.8257372795382292e+09 	 6.8462704802325204e+07 	 0.0000000000000000e+00 	 0.0000000000000000e+00 	 0.0000000000000000e+00 	 -2.2187827007344964e+08
	 6.8462704802385107e+07 	 2.5843345785418749e+09 	 0.0000000000000000e+00 	 0.0000000000000000e+00 	 0.0000000000000000e+00 	 5.5061751748368718e+07
	 0.0000000000000000e+00 	 0.0000000000000000e+00 	 1.8051824156807312e+10 	 4.8257689930669403e+09 	 -1.4443450852818120e+08 	 0.0000000000000000e+00
	 0.0000000000000000e+00 	 0.0000000000000000e+00 	 4.8257689930675802e+09 	 3.8494793141469055e+10 	 -3.0830567849356165e+09 	 0.0000000000000000e+00
	 0.0000000000000000e+00 	 0.0000000000000000e+00 	 -1.4443450852790168e+08 	 -3.0830567849354458e+09 	 2.9063704426500690e+10 	 0.0000000000000000e+00
	 -2.2187827007355511e+08 	 5.5061751748276010e+07 	 0.0000000000000000e+00 	 0.0000000000000000e+00 	 0.0000000000000000e+00 	 1.4361430304175793e+10

	 1.2487894678030093e+03 	 0.0000000000000000e+00 	 0.0000000000000000e+00 	 0.0000000000000000e+00 	 0.0000000000000000e+00 	 -3.0773290145251877e+02
	 0.0000000000000000e+00 	 1.2487894678030093e+03 	 0.0000000000000000e+00 	 0.0000000000000000e+00 	 0.0000000000000000e+00 	 9.3473909028829869e+00
	 0.0000000000000000e+00 	 0.0000000000000000e+00 	 1.2487894678030093e+03 	 3.0773290145251877e+02 	 -9.3473909028829869e+00 	 0.0000000000000000e+00
	 0.0000000000000000e+00 	 0.0000000000000000e+00 	 3.0773290145251877e+02 	 2.5505180334998631e+03 	 -1.6191902369318117e+02 	 0.0000000000000000e+00
	 0.0000000000000000e+00 	 0.0000000000000000e+00 	 -9.3473909028829869e+00 	 -1.6191902369318117e+02 	 1.8698083322667505e+03 	 0.0000000000000000e+00
	 -3.0773290145251877e+02 	 9.3473909028829869e+00 	 0.0000000000000000e+00 	 0.0000000000000000e+00 	 0.0000000000000000e+00 	 4.4203263657666112e+03

	 0.137931 
	 1.1741197236839068e+09 	 6.1436893084843867e+07 	 0.0000000000000000e+00 	 0.0000000000000000e+00 	 0.0000000000000000e+00 	 -9.5525246412609950e+07
	 6.1436893084727980e+07 	 2.0323631679196720e+09 	 0.0000000000000000e+00 	 0.0000000000000000e+00 	 0.0000000000000000e+00 	 6.2649165718922146e+07
	 0.0000000000000000e+00 	 0.0000000000000000e+00 	 1.5308159002305294e+10 	 5.6594216120954866e+09 	 -1.3282856426551227e+08 	 0.0000000000000000e+00
	 0.0000000000000000e+00 	 0.0000000000000000e+00 	 5.6594216120954218e+09 	 3.2491189335935719e+10 	 -2.6632535946682992e+09 	 0.0000000000000000e+00
	 0.0000000000000000e+00 	 0.0000000000000000e+00 	 -1.3282856426554286e+08 	 -2.6632535946682162e+09 	 2.0104606850047714e+10 	 0.0000000000000000e+00
	 -9.5525246412706122e+07 	 6.2649165718801975e+07 	 0.0000000000000000e+00 	 0.0000000000000000e+00 	 0.0000000000000000e+00 	 8.5660770648392038e+09

	 1.0263805786467371e+03 	 0.0000000000000000e+00 	 0.0000000000000000e+00 	 0.0000000000000000e+00 	 0.0000000000000000e+00 	 -3.5863248399061581e+02
	 0.0000000000000000e+00 	 1.0263805786467371e+03 	 0.0000000000000000e+00 	 0.0000000000000000e+00 	 0.0000000000000000e+00 	 8.9114661230301113e+00
	 0.0000000000000000e+00 	 0.0000000000000000e+00 	 1.0263805786467371e+03 	 3.5863248399061581e+02 	 -8.9114661230301113e+00 	 0.0000000000000000e+00
	 0.0000000000000000e+00 	 0.0000000000000000e+00 	 3.5863248399061581e+02 	 2.1066109521558387e+03 	 -1.3561216453521254e+02 	 0.0000000000000000e+00
	 0.0000000000000000e+00 	 0.0000000000000000e+00 	 -8.9114661230301113e+00 	 -1.3561216453521254e+02 	 1.2340416793849690e+03 	 0.0000000000000000e+00
	 -3.5863248399061581e+02 	 8.9114661230301113e+00 	 0.0000000000000000e+00 	 0.0000000000000000e+00 	 0.0000000000000000e+00 	 3.3406526315408237e+03

	 0.172414 
	 7.3967818896569037e+08 	 5.6514078234087542e+07 	 0.0000000000000000e+00 	 0.0000000000000000e+00 	 0.0000000000000000e+00 	 3.3389812272473358e+07
	 5.6514078233887710e+07 	 1.5245773401634729e+09 	 0.0000000000000000e+00 	 0.0000000000000000e+00 	 0.0000000000000000e+00 	 6.1976553338001400e+07
	 0.0000000000000000e+00 	 0.0000000000000000e+00 	 1.3179463990733768e+10 	 5.6369556877313080e+09 	 -1.4974124664106244e+08 	 0.0000000000000000e+00
	 0.0000000000000000e+00 	 0.0000000000000000e+00 	 5.6369556877308779e+09 	 2.7819526481429337e+10 	 -1.9412221640889766e+09 	 0.0000000000000000e+00
	 0.0000000000000000e+00 	 0.0000000000000000e+00 	 -1.4974124664129195e+08 	 -1.9412221640891602e+09 	 1.3505345686648205e+10 	 0.0000000000000000e+00
	 3.3389812272431534e+07 	 6.1976553338072807e+07 	 0.0000000000000000e+00 	 0.0000000000000000e+00 	 0.0000000000000000e+00 	 4.6148092596475344e+09

	 8.5503912664568043e+02 	 0.0000000000000000e+00 	 0.0000000000000000e+00 	 0.0000000000000000e+00 	 0.0000000000000000e+00 	 -3.6151293015218562e+02
	 0.0000000000000000e+00 	 8.5503912664568043e+02 	 0.0000000000000000e+00 	 0.0000000000000000e+00 	 0.0000000000000000e+00 	 1.0263091757834230e+01
	 0.0000000000000000e+00 	 0.0000000000000000e+00 	 8.5503912664568043e+02 	 3.6151293015218562e+02 	 -1.0263091757834230e+01 	 0.0000000000000000e+00
	 0.0000000000000000e+00 	 0.0000000000000000e+00 	 3.6151293015218562e+02 	 1.7778712510392431e+03 	 -9.9906105964776259e+01 	 0.0000000000000000e+00
	 0.0000000000000000e+00 	 0.0000000000000000e+00 	 -1.0263091757834230e+01 	 -9.9906105964776259e+01 	 7.8907743856906757e+02 	 0.0000000000000000e+00
	 -3.6151293015218562e+02 	 1.0263091757834230e+01 	 0.0000000000000000e+00 	 0.0000000000000000e+00 	 0.0000000000000000e+00 	 2.5669486896083104e+03

	 0.206897 
	 5.3844300073522186e+08 	 4.1001421020380110e+07 	 0.0000000000000000e+00 	 0.0000000000000000e+00 	 0.0000000000000000e+00 	 4.5400182067623481e+07
	 4.1001421019842044e+07 	 1.1017543215579669e+09 	 0.0000000000000000e+00 	 0.0000000000000000e+00 	 0.0000000000000000e+00 	 4.9018577241141558e+07
	 0.0000000000000000e+00 	 0.0000000000000000e+00 	 1.1862009618872683e+10 	 5.4009335271786737e+09 	 -9.9940337835942373e+07 	 0.0000000000000000e+00
	 0.0000000000000000e+00 	 0.0000000000000000e+00 	 5.4009335271785202e+09 	 2.4895766995598686e+10 	 -1.3971031618698044e+09 	 0.0000000000000000e+00
	 0.0000000000000000e+00 	 0.0000000000000000e+00 	 -9.9940337835815668e+07 	 -1.3971031618701138e+09 	 1.0842378707832956e+10 	 0.0000000000000000e+00
	 4.5400182067834534e+07 	 4.9018577241049364e+07 	 0.0000000000000000e+00 	 0.0000000000000000e+00 	 0.0000000000000000e+00 	 2.8223543412748909e+09

	 7.4971013721867257e+02 	 0.0000000000000000e+00 	 0.0000000000000000e+00 	 0.0000000000000000e+00 	 0.0000000000000000e+00 	 -3.5677306772631198e+02
	 0.0000000000000000e+00 	 7.4971013721867257e+02 	 0.0000000000000000e+00 	 0.0000000000000000e+00 	 0.0000000000000000e+00 	 8.1037345508633543e+00
	 0.0000000000000000e+00 	 0.0000000000000000e+00 	 7.4971013721867257e+02 	 3.5677306772631198e+02 	 -8.1037345508633543e+00 	 0.0000000000000000e+00
	 0.0000000000000000e+00 	 0.0000000000000000e+00 	 3.5677306772631198e+02 	 1.5868130749255645e+03 	 -7.4593221546973396e+01 	 0.0000000000000000e+00
	 0.0000000000000000e+00 	 0.0000000000000000e+00 	 -8.1037345508633543e+00 	 -7.4593221546973396e+01 	 6.0840731225952447e+02 	 0.0000000000000000e+00
	 -3.5677306772631198e+02 	 8.1037345508633543e+00 	 0.0000000000000000e+00 	 0.0000000000000000e+00 	 0.0000000000000000e+00 	 2.1952203871850875e+03

	 0.241379 
	 4.2112661536262286e+08 	 2.3693208850279003e+07 	 0.0000000000000000e+00 	 0.0000000000000000e+00 	 0.0000000000000000e+00 	 4.1991008097819909e+07
	 2.3693208850243896e+07 	 8.0250906678916252e+08 	 0.0000000000000000e+00 	 0.0000000000000000e+00 	 0.0000000000000000e+00 	 4.1005621008122101e+07
	 0.0000000000000000e+00 	 0.0000000000000000e+00 	 1.1031723812125011e+10 	 5.0310892618971519e+09 	 -1.0847310263182995e+08 	 0.0000000000000000e+00
	 0.0000000000000000e+00 	 0.0000000000000000e+00 	 5.0310892618973360e+09 	 2.2715285134086952e+10 	 -8.8635065169309175e+08 	 0.0000000000000000e+00
	 0.0000000000000000e+00 	 0.0000000000000000e+00 	 -1.0847310263134485e+08 	 -8.8635065169285893e+08 	 9.0513252236201477e+09 	 0.0000000000000000e+00
	 4.1991008097992681e+07 	 4.1005621008011937e+07 	 0.0000000000000000e+00 	 0.0000000000000000e+00 	 0.0000000000000000e+00 	 1.7907896319670157e+09

	 6.8080914424287676e+02 	 0.0000000000000000e+00 	 0.0000000000000000e+00 	 0.0000000000000000e+00 	 0.0000000000000000e+00 	 -3.4188693821008667e+02
	 0.0000000000000000e+00 	 6.8080914424287676e+02 	 0.0000000000000000e+00 	 0.0000000000000000e+00 	 0.0000000000000000e+00 	 9.0493801985110718e+00
	 0.0000000000000000e+00 	 0.0000000000000000e+00 	 6.8080914424287676e+02 	 3.4188693821008667e+02 	 -9.0493801985110718e+00 	 0.0000000000000000e+00
	 0.0000000000000000e+00 	 0.0000000000000000e+00 	 3.4188693821008667e+02 	 1.4483616454005646e+03 	 -5.1324525008563448e+01 	 0.0000000000000000e+00
	 0.0000000000000000e+00 	 0.0000000000000000e+00 	 -9.0493801985110718e+00 	 -5.1324525008563448e+01 	 4.9185164566491994e+02 	 0.0000000000000000e+00
	 -3.4188693821008667e+02 	 9.0493801985110718e+00 	 0.0000000000000000e+00 	 0.0000000000000000e+00 	 0.0000000000000000e+00 	 1.9402132910654834e+03

	 0.275862 
	 3.4398126982808906e+08 	 1.2437144681501431e+07 	 0.0000000000000000e+00 	 0.0000000000000000e+00 	 0.0000000000000000e+00 	 4.2934837845493294e+07
	 1.2437144681513939e+07 	 6.3840428676717579e+08 	 0.0000000000000000e+00 	 0.0000000000000000e+00 	 0.0000000000000000e+00 	 3.7902456980493531e+07
	 0.0000000000000000e+00 	 0.0000000000000000e+00 	 1.0747632171445847e+10 	 5.0985479343147326e+09 	 -1.2628716930047901e+08 	 0.0000000000000000e+00
	 0.0000000000000000e+00 	 0.0000000000000000e+00 	 5.0985479343151207e+09 	 2.2675579612379604e+10 	 -6.0572873061804235e+08 	 0.0000000000000000e+00
	 0.0000000000000000e+00 	 0.0000000000000000e+00 	 -1.2628716930058633e+08 	 -6.0572873061800277e+08 	 7.3877345448556213e+09 	 0.0000000000000000e+00
	 4.2934837845506795e+07 	 3.7902456980613880e+07 	 0.0000000000000000e+00 	 0.0000000000000000e+00 	 0.0000000000000000e+00 	 1.1781167292390504e+09

	 6.4628125583256531e+02 	 0.0000000000000000e+00 	 0.0000000000000000e+00 	 0.0000000000000000e+00 	 0.0000000000000000e+00 	 -3.4496882629319333e+02
	 0.0000000000000000e+00 	 6.4628125583256531e+02 	 0.0000000000000000e+00 	 0.0000000000000000e+00 	 0.0000000000000000e+00 	 1.0399481732839821e+01
	 0.0000000000000000e+00 	 0.0000000000000000e+00 	 6.4628125583256531e+02 	 3.4496882629319333e+02 	 -1.0399481732839821e+01 	 0.0000000000000000e+00
	 0.0000000000000000e+00 	 0.0000000000000000e+00 	 3.4496882629319333e+02 	 1.4186346031572232e+03 	 -3.9090459935937858e+01 	 0.0000000000000000e+00
	 0.0000000000000000e+00 	 0.0000000000000000e+00 	 -1.0399481732839821e+01 	 -3.9090459935937858e+01 	 3.9149681076575609e+02 	 0.0000000000000000e+00
	 -3.4496882629319333e+02 	 1.0399481732839821e+01 	 0.0000000000000000e+00 	 0.0000000000000000e+00 	 0.0000000000000000e+00 	 1.8101314139229851e+03

	 0.310345 
	 3.0434953129210001e+08 	 9.6968538131515887e+06 	 0.0000000000000000e+00 	 0.0000000000000000e+00 	 0.0000000000000000e+00 	 4.3115309259235807e+07
	 9.6968538132713884e+06 	 5.9921768771522343e+08 	 0.0000000000000000e+00 	 0.0000000000000000e+00 	 0.0000000000000000e+00 	 3.6969752169475280e+07
	 0.0000000000000000e+00 	 0.0000000000000000e+00 	 1.0775829046162067e+10 	 5.0632426992681389e+09 	 -1.3062127586746106e+08 	 0.0000000000000000e+00
	 0.0000000000000000e+00 	 0.0000000000000000e+00 	 5.0632426992677517e+09 	 2.2031283933824627e+10 	 -5.2170220596063960e+08 	 0.0000000000000000e+00
	 0.0000000000000000e+00 	 0.0000000000000000e+00 	 -1.3062127586703707e+08 	 -5.2170220596035933e+08 	 6.2204960244161634e+09 	 0.0000000000000000e+00
	 4.3115309259060271e+07 	 3.6969752169479124e+07 	 0.0000000000000000e+00 	 0.0000000000000000e+00 	 0.0000000000000000e+00 	 9.0967762401029992e+08

	 6.3700713238509013e+02 	 0.0000000000000000e+00 	 0.0000000000000000e+00 	 0.0000000000000000e+00 	 0.0000000000000000e+00 	 -3.4693763291804680e+02
	 0.0000000000000000e+00 	 6.3700713238509013e+02 	 0.0000000000000000e+00 	 0.0000000000000000e+00 	 0.0000000000000000e+00 	 1.0815109473766050e+01
	 0.0000000000000000e+00 	 0.0000000000000000e+00 	 6.3700713238509013e+02 	 3.4693763291804680e+02 	 -1.0815109473766050e+01 	 0.0000000000000000e+00
	 0.0000000000000000e+00 	 0.0000000000000000e+00 	 3.4693763291804680e+02 	 1.3796429755866468e+03 	 -3.5601209083628497e+01 	 0.0000000000000000e+00
	 0.0000000000000000e+00 	 0.0000000000000000e+00 	 -1.0815109473766050e+01 	 -3.5601209083628497e+01 	 3.2472234068434153e+02 	 0.0000000000000000e+00
	 -3.4693763291804680e+02 	 1.0815109473766050e+01 	 0.0000000000000000e+00 	 0.0000000000000000e+00 	 0.0000000000000000e+00 	 1.7043653162709923e+03

	 0.344828 
	 2.8458489429862541e+08 	 8.1906011505831378e+06 	 0.0000000000000000e+00 	 0.0000000000000000e+00 	 0.0000000000000000e+00 	 3.9950775833263315e+07
	 8.1906011505934978e+06 	 5.7937293344109917e+08 	 0.0000000000000000e+00 	 0.0000000000000000e+00 	 0.0000000000000000e+00 	 3.4164056443789847e+07
	 0.0000000000000000e+00 	 0.0000000000000000e+00 	 1.0832640624295406e+10 	 4.9354722471529598e+09 	 -1.0365163332270855e+08 	 0.0000000000000000e+00
	 0.0000000000000000e+00 	 0.0000000000000000e+00 	 4.9354722471526966e+09 	 2.0847634224413025e+10 	 -4.4941717755696952e+08 	 0.0000000000000000e+00
	 0.0000000000000000e+00 	 0.0000000000000000e+00 	 -1.0365163332271871e+08 	 -4.4941717755701977e+08 	 5.5366029342325773e+09 	 0.0000000000000000e+00
	 3.9950775833037667e+07 	 3.4164056443703167e+07 	 0.0000000000000000e+00 	 0.0000000000000000e+00 	 0.0000000000000000e+00 	 7.7910801701140904e+08

	 6.3117524294141424e+02 	 0.0000000000000000e+00 	 0.0000000000000000e+00 	 0.0000000000000000e+00 	 0.0000000000000000e+00 	 -3.4013534432357795e+02
	 0.0000000000000000e+00 	 6.3117524294141424e+02 	 0.0000000000000000e+00 	 0.0000000000000000e+00 	 0.0000000000000000e+00 	 9.1524803775338306e+00
	 0.0000000000000000e+00 	 0.0000000000000000e+00 	 6.3117524294141424e+02 	 3.4013534432357795e+02 	 -9.1524803775338306e+00 	 0.0000000000000000e+00
	 0.0000000000000000e+00 	 0.0000000000000000e+00 	 3.4013534432357795e+02 	 1.3017807248957656e+03 	 -3.1423509179446697e+01 	 0.0000000000000000e+00
	 0.0000000000000000e+00 	 0.0000000000000000e+00 	 -9.1524803775338306e+00 	 -3.1423509179446697e+01 	 2.8614308189921718e+02 	 0.0000000000000000e+00
	 -3.4013534432357795e+02 	 9.1524803775338306e+00 	 0.0000000000000000e+00 	 0.0000000000000000e+00 	 0.0000000000000000e+00 	 1.5879238067949777e+03

	 0.379310 
	 2.6317804418845010e+08 	 6.9881115482137939e+06 	 0.0000000000000000e+00 	 0.0000000000000000e+00 	 0.0000000000000000e+00 	 3.7045837105223551e+07
	 6.9881115484569585e+06 	 5.5536786544609356e+08 	 0.0000000000000000e+00 	 0.0000000000000000e+00 	 0.0000000000000000e+00 	 3.1099789744932935e+07
	 0.0000000000000000e+00 	 0.0000000000000000e+00 	 1.0772069812003307e+10 	 4.7108937034843855e+09 	 -7.6308905941016376e+07 	 0.0000000000000000e+00
	 0.0000000000000000e+00 	 0.0000000000000000e+00 	 4.7108937034844503e+09 	 1.9127280994842289e+10 	 -3.8040590441615587e+08 	 0.0000000000000000e+00
	 0.0000000000000000e+00 	 0.0000000000000000e+00 	 -7.6308905941005260e+07 	 -3.8040590441606325e+08 	 4.7398341075098505e+09 	 0.0000000000000000e+00
	 3.7045837105265833e+07 	 3.1099789745146189e+07 	 0.0000000000000000e+00 	 0.0000000000000000e+00 	 0.0000000000000000e+00 	 6.4711684934076834e+08

	 6.1822268811088225e+02 	 0.0000000000000000e+00 	 0.0000000000000000e+00 	 0.0000000000000000e+00 	 0.0000000000000000e+00 	 -3.2393921104289160e+02
	 0.0000000000000000e+00 	 6.1822268811088225e+02 	 0.0000000000000000e+00 	 0.0000000000000000e+00 	 0.0000000000000000e+00 	 7.4089037221224121e+00
	 0.0000000000000000e+00 	 0.0000000000000000e+00 	 6.1822268811088225e+02 	 3.2393921104289160e+02 	 -7.4089037221224121e+00 	 0.0000000000000000e+00
	 0.0000000000000000e+00 	 0.0000000000000000e+00 	 3.2393921104289160e+02 	 1.1854356844403912e+03 	 -2.7017759902272910e+01 	 0.0000000000000000e+00
	 0.0000000000000000e+00 	 0.0000000000000000e+00 	 -7.4089037221224121e+00 	 -2.7017759902272910e+01 	 2.4251762984083800e+02 	 0.0000000000000000e+00
	 -3.2393921104289160e+02 	 7.4089037221224121e+00 	 0.0000000000000000e+00 	 0.0000000000000000e+00 	 0.0000000000000000e+00 	 1.4279533142812300e+03

	 0.413793 
	 2.4198816370364520e+08 	 5.6784270294650476e+06 	 0.0000000000000000e+00 	 0.0000000000000000e+00 	 0.0000000000000000e+00 	 3.3581281794969060e+07
	 5.6784270295999236e+06 	 5.3003756356403977e+08 	 0.0000000000000000e+00 	 0.0000000000000000e+00 	 0.0000000000000000e+00 	 2.7997250500542808e+07
	 0.0000000000000000e+00 	 0.0000000000000000e+00 	 1.0619351185316830e+10 	 4.4589192700332680e+09 	 -4.9373880592530474e+07 	 0.0000000000000000e+00
	 0.0000000000000000e+00 	 0.0000000000000000e+00 	 4.4589192700330057e+09 	 1.7321247102283539e+10 	 -3.1467635487676758e+08 	 0.0000000000000000e+00
	 0.0000000000000000e+00 	 0.0000000000000000e+00 	 -4.9373880592350930e+07 	 -3.1467635487680060e+08 	 3.9801202910621023e+09 	 0.0000000000000000e+00
	 3.3581281794870272e+07 	 2.7997250500593644e+07 	 0.0000000000000000e+00 	 0.0000000000000000e+00 	 0.0000000000000000e+00 	 5.3274683467055124e+08

	 5.9805424827195009e+02 	 0.0000000000000000e+00 	 0.0000000000000000e+00 	 0.0000000000000000e+00 	 0.0000000000000000e+00 	 -2.9993418805426001e+02
	 0.0000000000000000e+00 	 5.9805424827195009e+02 	 0.0000000000000000e+00 	 0.0000000000000000e+00 	 0.0000000000000000e+00 	 6.3388748782150577e+00
	 0.0000000000000000e+00 	 0.0000000000000000e+00 	 5.9805424827195009e+02 	 2.9993418805426001e+02 	 -6.3388748782150577e+00 	 0.0000000000000000e+00
	 0.0000000000000000e+00 	 0.0000000000000000e+00 	 2.9993418805426001e+02 	 1.0540989491080240e+03 	 -2.3469066740434496e+01 	 0.0000000000000000e+00
	 0.0000000000000000e+00 	 0.0000000000000000e+00 	 -6.3388748782150577e+00 	 -2.3469066740434496e+01 	 2.0144608681459940e+02 	 0.0000000000000000e+00
	 -2.9993418805426001e+02 	 6.3388748782150577e+00 	 0.0000000000000000e+00 	 0.0000000000000000e+00 	 0.0000000000000000e+00 	 1.2555450359226231e+03

	 0.448276 
	 1.4627288938582358e+08 	 4.5839863332286375e+06 	 0.0000000000000000e+00 	 0.0000000000000000e+00 	 0.0000000000000000e+00 	 3.0666185018618297e+07
	 4.5839863333480638e+06 	 5.0135917046292233e+08 	 0.0000000000000000e+00 	 0.0000000000000000e+00 	 0.0000000000000000e+00 	 2.8494282840145774e+07
	 0.0000000000000000e+00 	 0.0000000000000000e+00 	 1.0508061131426958e+10 	 4.7677684844077625e+09 	 -2.4838041983886864e+07 	 0.0000000000000000e+00
	 0.0000000000000000e+00 	 0.0000000000000000e+00 	 4.7677684844073935e+09 	 1.7411763733993927e+10 	 -2.5317015993921635e+08 	 0.0000000000000000e+00
	 0.0000000000000000e+00 	 0.0000000000000000e+00 	 -2.4838041983939290e+07 	 -2.5317015993934432e+08 	 3.2934427994532804e+09 	 0.0000000000000000e+00
	 3.0666185018643547e+07 	 2.8494282840239689e+07 	 0.0000000000000000e+00 	 0.0000000000000000e+00 	 0.0000000000000000e+00 	 4.1662216566014892e+08

	 5.7274977468526629e+02 	 0.0000000000000000e+00 	 0.0000000000000000e+00 	 0.0000000000000000e+00 	 0.0000000000000000e+00 	 -2.9969086935971274e+02
	 0.0000000000000000e+00 	 5.7274977468526629e+02 	 0.0000000000000000e+00 	 0.0000000000000000e+00 	 0.0000000000000000e+00 	 3.7461992720377428e+00
	 0.0000000000000000e+00 	 0.0000000000000000e+00 	 5.7274977468526629e+02 	 2.9969086935971274e+02 	 -3.7461992720377428e+00 	 0.0000000000000000e+00
	 0.0000000000000000e+00 	 0.0000000000000000e+00 	 2.9969086935971274e+02 	 1.0084940173083720e+03 	 -1.8072017178055166e+01 	 0.0000000000000000e+00
	 0.0000000000000000e+00 	 0.0000000000000000e+00 	 -3.7461992720377428e+00 	 -1.8072017178055166e+01 	 1.6396769920287682e+02 	 0.0000000000000000e+00
	 -2.9969086935971274e+02 	 3.7461992720377428e+00 	 0.0000000000000000e+00 	 0.0000000000000000e+00 	 0.0000000000000000e+00 	 1.1724617165112481e+03

	 0.482759 
	 1.3209640914399078e+08 	 4.4370545480633602e+06 	 0.0000000000000000e+00 	 0.0000000000000000e+00 	 0.0000000000000000e+00 	 2.7742712758716069e+07
	 4.4370545482679280e+06 	 4.7974921377822238e+08 	 0.0000000000000000e+00 	 0.0000000000000000e+00 	 0.0000000000000000e+00 	 2.3014723094693717e+07
	 0.0000000000000000e+00 	 0.0000000000000000e+00 	 1.0056137838038486e+10 	 3.9675074115627193e+09 	 -7.4829764207459548e+06 	 0.0000000000000000e+00
	 0.0000000000000000e+00 	 0.0000000000000000e+00 	 3.9675074115629082e+09 	 1.3925133090695499e+10 	 -1.9595932780960223e+08 	 0.0000000000000000e+00
	 0.0000000000000000e+00 	 0.0000000000000000e+00 	 -7.4829764206256289e+06 	 -1.9595932780954579e+08 	 2.6591100069695363e+09 	 0.0000000000000000e+00
	 2.7742712758763820e+07 	 2.3014723094702844e+07 	 0.0000000000000000e+00 	 0.0000000000000000e+00 	 0.0000000000000000e+00 	 3.3302926780637830e+08

	 5.4211852733106355e+02 	 0.0000000000000000e+00 	 0.0000000000000000e+00 	 0.0000000000000000e+00 	 0.0000000000000000e+00 	 -2.5299082460317914e+02
	 0.0000000000000000e+00 	 5.4211852733106355e+02 	 0.0000000000000000e+00 	 0.0000000000000000e+00 	 0.0000000000000000e+00 	 2.1933261387778540e+00
	 0.0000000000000000e+00 	 0.0000000000000000e+00 	 5.4211852733106355e+02 	 2.5299082460317914e+02 	 -2.1933261387778540e+00 	 0.0000000000000000e+00
	 0.0000000000000000e+00 	 0.0000000000000000e+00 	 2.5299082460317914e+02 	 8.1325225188806871e+02 	 -1.3911361549515309e+01 	 0.0000000000000000e+00
	 0.0000000000000000e+00 	 0.0000000000000000e+00 	 -2.1933261387778540e+00 	 -1.3911361549515309e+01 	 1.3126789460067187e+02 	 0.0000000000000000e+00
	 -2.5299082460317914e+02 	 2.1933261387778540e+00 	 0.0000000000000000e+00 	 0.0000000000000000e+00 	 0.0000000000000000e+00 	 9.4452014648874092e+02

	 0.517241 
	 1.1889652276714411e+08 	 8.8695810536176357e+06 	 0.0000000000000000e+00 	 0.0000000000000000e+00 	 0.0000000000000000e+00 	 2.7397471268829744e+07
	 8.8695810535489600e+06 	 5.3033583166415137e+08 	 0.0000000000000000e+00 	 0.0000000000000000e+00 	 0.0000000000000000e+00 	 7.5900499953198442e+06
	 0.0000000000000000e+00 	 0.0000000000000000e+00 	 8.7443165450141068e+09 	 9.6656152995227802e+08 	 -1.0451083268521283e+07 	 0.0000000000000000e+00
	 0.0000000000000000e+00 	 0.0000000000000000e+00 	 9.6656152995231998e+08 	 4.7050265814522533e+09 	 -8.1602024696291342e+07 	 0.0000000000000000e+00
	 0.0000000000000000e+00 	 0.0000000000000000e+00 	 -1.0451083268671809e+07 	 -8.1602024696457207e+07 	 2.1485344411163297e+09 	 0.0000000000000000e+00
	 2.7397471268739920e+07 	 7.5900499951347485e+06 	 0.0000000000000000e+00 	 0.0000000000000000e+00 	 0.0000000000000000e+00 	 2.5875621533761048e+08

	 4.9813448856222527e+02 	 0.0000000000000000e+00 	 0.0000000000000000e+00 	 0.0000000000000000e+00 	 0.0000000000000000e+00 	 -1.7385878897445738e+02
	 0.0000000000000000e+00 	 4.9813448856222527e+02 	 0.0000000000000000e+00 	 0.0000000000000000e+00 	 0.0000000000000000e+00 	 3.1279280869835646e+00
	 0.0000000000000000e+00 	 0.0000000000000000e+00 	 4.9813448856222527e+02 	 1.7385878897445738e+02 	 -3.1279280869835646e+00 	 0.0000000000000000e+00
	 0.0000000000000000e+00 	 0.0000000000000000e+00 	 1.7385878897445738e+02 	 5.4309335995001686e+02 	 -1.0173425191613125e+01 	 0.0000000000000000e+00
	 0.0000000000000000e+00 	 0.0000000000000000e+00 	 -3.1279280869835646e+00 	 -1.0173425191613125e+01 	 1.0545224021997109e+02 	 0.0000000000000000e+00
	 -1.7385878897445738e+02 	 3.1279280869835646e+00 	 0.0000000000000000e+00 	 0.0000000000000000e+00 	 0.0000000000000000e+00 	 6.4854560016998857e+02

	 0.551724 
	 1.0784821290174523e+08 	 7.8684219399679303e+06 	 0.0000000000000000e+00 	 0.0000000000000000e+00 	 0.0000000000000000e+00 	 2.4788357639772937e+07
	 7.8684219400664521e+06 	 5.0943320905155140e+08 	 0.0000000000000000e+00 	 0.0000000000000000e+00 	 0.0000000000000000e+00 	 8.4444977494786736e+06
	 0.0000000000000000e+00 	 0.0000000000000000e+00 	 8.3298516196058846e+09 	 8.1407411363600314e+08 	 -3.8530093499761723e+07 	 0.0000000000000000e+00
	 0.0000000000000000e+00 	 0.0000000000000000e+00 	 8.1407411363585889e+08 	 3.9296669108549399e+09 	 -6.2007125299066089e+07 	 0.0000000000000000e+00
	 0.0000000000000000e+00 	 0.0000000000000000e+00 	 -3.8530093499684729e+07 	 -6.2007125298974119e+07 	 1.7036709443716633e+09 	 0.0000000000000000e+00
	 2.4788357639754884e+07 	 8.4444977494643852e+06 	 0.0000000000000000e+00 	 0.0000000000000000e+00 	 0.0000000000000000e+00 	 2.0698432691167340e+08

	 4.6495813064959657e+02 	 0.0000000000000000e+00 	 0.0000000000000000e+00 	 0.0000000000000000e+00 	 0.0000000000000000e+00 	 -1.4225488999398459e+02
	 0.0000000000000000e+00 	 4.6495813064959657e+02 	 0.0000000000000000e+00 	 0.0000000000000000e+00 	 0.0000000000000000e+00 	 4.2799918385042064e+00
	 0.0000000000000000e+00 	 0.0000000000000000e+00 	 4.6495813064959657e+02 	 1.4225488999398459e+02 	 -4.2799918385042064e+00 	 0.0000000000000000e+00
	 0.0000000000000000e+00 	 0.0000000000000000e+00 	 1.4225488999398459e+02 	 4.3055233823050980e+02 	 -8.1168939650944942e+00 	 0.0000000000000000e+00
	 0.0000000000000000e+00 	 0.0000000000000000e+00 	 -4.2799918385042064e+00 	 -8.1168939650944942e+00 	 8.2896381759789364e+01 	 0.0000000000000000e+00
	 -1.4225488999398459e+02 	 4.2799918385042064e+00 	 0.0000000000000000e+00 	 0.0000000000000000e+00 	 0.0000000000000000e+00 	 5.1344871999030022e+02

	 0.586207 
	 9.7437178146726966e+07 	 7.3437862378296833e+06 	 0.0000000000000000e+00 	 0.0000000000000000e+00 	 0.0000000000000000e+00 	 2.2550819043454386e+07
	 7.3437862378180865e+06 	 4.9619617632678580e+08 	 0.0000000000000000e+00 	 0.0000000000000000e+00 	 0.0000000000000000e+00 	 8.7233915476649795e+06
	 0.0000000000000000e+00 	 0.0000000000000000e+00 	 7.8435155767900877e+09 	 6.3590644563067007e+08 	 -5.9304336365674682e+07 	 0.0000000000000000e+00
	 0.0000000000000000e+00 	 0.0000000000000000e+00 	 6.3590644563065517e+08 	 3.1415966071120834e+09 	 -4.5838042166890435e+07 	 0.0000000000000000e+00
	 0.0000000000000000e+00 	 0.0000000000000000e+00 	 -5.9304336365704969e+07 	 -4.5838042166952841e+07 	 1.3265710070944552e+09 	 0.0000000000000000e+00
	 2.2550819043419916e+07 	 8.7233915476556290e+06 	 0.0000000000000000e+00 	 0.0000000000000000e+00 	 0.0000000000000000e+00 	 1.6335404253032553e+08

	 4.3325165563499991e+02 	 0.0000000000000000e+00 	 0.0000000000000000e+00 	 0.0000000000000000e+00 	 0.0000000000000000e+00 	 -1.1782855931902751e+02
	 0.0000000000000000e+00 	 4.3325165563499991e+02 	 0.0000000000000000e+00 	 0.0000000000000000e+00 	 0.0000000000000000e+00 	 5.0062112835433910e+00
	 0.0000000000000000e+00 	 0.0000000000000000e+00 	 4.3325165563499991e+02 	 1.1782855931902751e+02 	 -5.0062112835433910e+00 	 0.0000000000000000e+00
	 0.0000000000000000e+00 	 0.0000000000000000e+00 	 1.1782855931902751e+02 	 3.3998877398296639e+02 	 -6.4206999283138302e+00 	 0.0000000000000000e+00
	 0.0000000000000000e+00 	 0.0000000000000000e+00 	 -5.0062112835433910e+00 	 -6.4206999283138302e+00 	 6.4227095767273354e+01 	 0.0000000000000000e+00
	 -1.1782855931902751e+02 	 5.0062112835433910e+00 	 0.0000000000000000e+00 	 0.0000000000000000e+00 	 0.0000000000000000e+00 	 4.0421586975023934e+02

	 0.620690 
	 8.7517054921380937e+07 	 6.6190737468351005e+06 	 0.0000000000000000e+00 	 0.0000000000000000e+00 	 0.0000000000000000e+00 	 2.0137835856477071e+07
	 6.6190737468106095e+06 	 4.7691654216274279e+08 	 0.0000000000000000e+00 	 0.0000000000000000e+00 	 0.0000000000000000e+00 	 9.0248779581048489e+06
	 0.0000000000000000e+00 	 0.0000000000000000e+00 	 7.3342030915364723e+09 	 5.3593838866726202e+08 	 -7.5205331462432697e+07 	 0.0000000000000000e+00
	 0.0000000000000000e+00 	 0.0000000000000000e+00 	 5.3593838866726983e+08 	 2.5699094931635718e+09 	 -3.5746396162951872e+07 	 0.0000000000000000e+00
	 0.0000000000000000e+00 	 0.0000000000000000e+00 	 -7.5205331462446451e+07 	 -3.5746396162986167e+07 	 1.0088153080216540e+09 	 0.0000000000000000e+00
	 2.0137835856476754e+07 	 9.0248779580917731e+06 	 0.0000000000000000e+00 	 0.0000000000000000e+00 	 0.0000000000000000e+00 	 1.2748602322147991e+08

	 3.9964865848417094e+02 	 0.0000000000000000e+00 	 0.0000000000000000e+00 	 0.0000000000000000e+00 	 0.0000000000000000e+00 	 -9.7227320976623020e+01
	 0.0000000000000000e+00 	 3.9964865848417094e+02 	 0.0000000000000000e+00 	 0.0000000000000000e+00 	 0.0000000000000000e+00 	 5.5964218815864619e+00
	 0.0000000000000000e+00 	 0.0000000000000000e+00 	 3.9964865848417094e+02 	 9.7227320976623020e+01 	 -5.5964218815864619e+00 	 0.0000000000000000e+00
	 0.0000000000000000e+00 	 0.0000000000000000e+00 	 9.7227320976623020e+01 	 2.6616329842447897e+02 	 -5.1820854383653829e+00 	 0.0000000000000000e+00
	 0.0000000000000000e+00 	 0.0000000000000000e+00 	 -5.5964218815864619e+00 	 -5.1820854383653829e+00 	 4.8580396152336832e+01 	 0.0000000000000000e+00
	 -9.7227320976623020e+01 	 5.5964218815864619e+00 	 0.0000000000000000e+00 	 0.0000000000000000e+00 	 0.0000000000000000e+00 	 3.1474369457681439e+02

	 0.655172 
	 7.8429282001557618e+07 	 6.1183996604519952e+06 	 0.0000000000000000e+00 	 0.0000000000000000e+00 	 0.0000000000000000e+00 	 1.7838932150731668e+07
	 6.1183996604901077e+06 	 4.5752458851812756e+08 	 0.0000000000000000e+00 	 0.0000000000000000e+00 	 0.0000000000000000e+00 	 9.2238378903072346e+06
	 0.0000000000000000e+00 	 0.0000000000000000e+00 	 6.7866943387127142e+09 	 4.4709268722491974e+08 	 -8.5889356603285640e+07 	 0.0000000000000000e+00
	 0.0000000000000000e+00 	 0.0000000000000000e+00 	 4.4709268722492760e+08 	 2.0758295064464109e+09 	 -2.8640800292773157e+07 	 0.0000000000000000e+00
	 0.0000000000000000e+00 	 0.0000000000000000e+00 	 -8.5889356603303015e+07 	 -2.8640800292783048e+07 	 7.4681736089331341e+08 	 0.0000000000000000e+00
	 1.7838932150740594e+07 	 9.2238378903185781e+06 	 0.0000000000000000e+00 	 0.0000000000000000e+00 	 0.0000000000000000e+00 	 9.8045024373298630e+07

	 3.6660005945125300e+02 	 0.0000000000000000e+00 	 0.0000000000000000e+00 	 0.0000000000000000e+00 	 0.0000000000000000e+00 	 -7.9931960390080789e+01
	 0.0000000000000000e+00 	 3.6660005945125300e+02 	 0.0000000000000000e+00 	 0.0000000000000000e+00 	 0.0000000000000000e+00 	 5.8039279684127196e+00
	 0.0000000000000000e+00 	 0.0000000000000000e+00 	 3.6660005945125300e+02 	 7.9931960390080789e+01 	 -5.8039279684127196e+00 	 0.0000000000000000e+00
	 0.0000000000000000e+00 	 0.0000000000000000e+00 	 7.9931960390080789e+01 	 2.0579518631286891e+02 	 -4.0792428941605436e+00 	 0.0000000000000000e+00
	 0.0000000000000000e+00 	 0.0000000000000000e+00 	 -5.8039279684127196e+00 	 -4.0792428941605436e+00 	 3.5826727792311878e+01 	 0.0000000000000000e+00
	 -7.9931960390080789e+01 	 5.8039279684127196e+00 	 0.0000000000000000e+00 	 0.0000000000000000e+00 	 0.0000000000000000e+00 	 2.4162191410518048e+02

	 0.689655 
	 6.9731595449506104e+07 	 5.7956308021078082e+06 	 0.0000000000000000e+00 	 0.0000000000000000e+00 	 0.0000000000000000e+00 	 1.5828063735771049e+07
	 5.7956308021057816e+06 	 4.4225072910470176e+08 	 0.0000000000000000e+00 	 0.0000000000000000e+00 	 0.0000000000000000e+00 	 9.3718416820534561e+06
	 0.0000000000000000e+00 	 0.0000000000000000e+00 	 6.1875144359722528e+09 	 3.3838965028460747e+08 	 -9.0424727796853155e+07 	 0.0000000000000000e+00
	 0.0000000000000000e+00 	 0.0000000000000000e+00 	 3.3838965028461236e+08 	 1.6040089644312363e+09 	 -2.1136226873806931e+07 	 0.0000000000000000e+00
	 0.0000000000000000e+00 	 0.0000000000000000e+00 	 -9.0424727796869949e+07 	 -2.1136226873815782e+07 	 5.3677597732748652e+08 	 0.0000000000000000e+00
	 1.5828063735752868e+07 	 9.3718416820206828e+06 	 0.0000000000000000e+00 	 0.0000000000000000e+00 	 0.0000000000000000e+00 	 7.4361547730780393e+07

	 3.3007575056771555e+02 	 0.0000000000000000e+00 	 0.0000000000000000e+00 	 0.0000000000000000e+00 	 0.0000000000000000e+00 	 -6.0971639188785041e+01
	 0.0000000000000000e+00 	 3.3007575056771555e+02 	 0.0000000000000000e+00 	 0.0000000000000000e+00 	 0.0000000000000000e+00 	 5.5675888957834250e+00
	 0.0000000000000000e+00 	 0.0000000000000000e+00 	 3.3007575056771555e+02 	 6.0971639188785041e+01 	 -5.5675888957834250e+00 	 0.0000000000000000e+00
	 0.0000000000000000e+00 	 0.0000000000000000e+00 	 6.0971639188785041e+01 	 1.5037040136201645e+02 	 -2.8933301560868632e+00 	 0.0000000000000000e+00
	 0.0000000000000000e+00 	 0.0000000000000000e+00 	 -5.5675888957834250e+00 	 -2.8933301560868632e+00 	 2.5632583963967928e+01 	 0.0000000000000000e+00
	 -6.0971639188785041e+01 	 5.5675888957834250e+00 	 0.0000000000000000e+00 	 0.0000000000000000e+00 	 0.0000000000000000e+00 	 1.7600298532598438e+02

	 0.724138 
	 5.9772374130959511e+07 	 5.2964299047776703e+06 	 0.0000000000000000e+00 	 0.0000000000000000e+00 	 0.0000000000000000e+00 	 1.1940372847721731e+07
	 5.2964299047645861e+06 	 4.1012372338778251e+08 	 0.0000000000000000e+00 	 0.0000000000000000e+00 	 0.0000000000000000e+00 	 9.1187605857049730e+06
	 0.0000000000000000e+00 	 0.0000000000000000e+00 	 5.4982510015447960e+09 	 3.3792316689272988e+08 	 -8.9645586237694025e+07 	 0.0000000000000000e+00
	 0.0000000000000000e+00 	 0.0000000000000000e+00 	 3.3792316689272958e+08 	 1.2391770873935072e+09 	 -1.6577131315839170e+07 	 0.0000000000000000e+00
	 0.0000000000000000e+00 	 0.0000000000000000e+00 	 -8.9645586237708822e+07 	 -1.6577131315844331e+07 	 3.7043881251565450e+08 	 0.0000000000000000e+00
	 1.1940372847716432e+07 	 9.1187605856988393e+06 	 0.0000000000000000e+00 	 0.0000000000000000e+00 	 0.0000000000000000e+00 	 5.3478122741627701e+07

